125;10;550000;02-17;2018-06-13;2018-08-13;660000;4;2;2
126;10;1000000;1-16;2018-07-15;2018-10-15;1299000;6;3;2
127;10;1000000;02-17;2018-05-16;2018-08-16;1299000;6;3;2
128;10;500000;15-30;2018-07-23;2018-12-30;750000;10;5;2
129;10;500000;02-17;2018-05-17;2018-10-17;750000;10;5;2
130;10;300000;01-16;2018-08-01;2018-11-01;390000;6;3;2
131;10;800000;1-16;2018-08-04;2019-01-04;1200000;10;5;2
132;10;300000;01-16;2018-06-05;2018-09-05;390000;6;3;2
133;10;700000;01-19;2018-07-26;2019-02-26;1190000;7;7;2
134;10;200000;01-16;2018-07-01;2018-09-01;240000;4;2;2
135;10;300000;10-25;2018-05-10;2018-08-10;390000;6;3;2
136;10;300000;12-27;2018-07-12;2018-10-12;390000;6;3;2
137;10;300000;15-30;2018-05-28;2018-08-30;390000;6;3;2
138;10;3000000;04;2017-12-04;2018-08-04;5400000;7;8;1
139;10;1500000;02;2018-07-21;2019-02-02;2130000;7;7;1
140;10;400000;1-16;2018-06-15;2018-09-15;519000;6;3;2
141;10;550000;27;2018-07-28;2018-12-28;687500;5;5;1
142;10;800000;1-16;2018-06-20;2019-01-20;1358000;14;7;2
143;10;400000;15-30;2018-07-24;2018-11-30;560000;8;4;2
144;10;300000;13-28;2018-07-13;2018-10-13;390000;6;3;2
145;10;200000;05-20;2018-08-05;2018-10-05;240000;4;2;2
146;10;1000000;07;2018-07-07;2018-09-07;1300000;2;2;1
147;10;500000;03-18;2018-02-03;2018-09-03;700000;14;7;2